span_x -1 1 span_y -85 85 step 1
-2565.4328248126913 -2607.7037965565505
-2728.772610945964 -2756.684902807362
-2876.8561368643796 -2889.4534408498353
-2996.5694103633236 -2996.2296136645414
-3086.69995004962 -3080.2528124800065
-3159.856742397116 -3157.895333346878
-3232.7705059841223 -3245.8234579510327
-3319.8324688117873 -3352.663144224126
-3426.8775636713704 -3475.2877190050363
-3551.4617296697897 -3604.7554447646494
-3685.285396185149 -3732.3137403611663
-3820.722418821983 -3854.730306409002
-3953.001242472505 -3972.933285126406
-4079.046334711775 -4088.7716456445096
-4198.335738173264 -4205.512746670517
-4312.765850925428 -4326.508503888209
-4425.956328103819 -4452.896650284872
-4539.298856019393 -4580.038366600463
-4650.51791646002 -4699.681127784797
-4756.877208320929 -4806.788567412272
-4858.041297846119 -4902.700303129213
-4958.037699177697 -4994.723559526293
-5064.174543096279 -5093.068156455209
-5182.670008418093 -5206.566813500402
-5316.215960150334 -5340.320339988489
-5460.78075783556 -5491.087834412604
-5610.974846865485 -5651.300622739124
-5762.296758812478 -5812.357719990842
-5913.4024274152325 -5969.411930172191
-6064.716413828025 -6121.706082928338
-6219.7735672672625 -6273.082904123199
-6385.18474062641 -6431.42174687851
-6565.091404939534 -6603.643080585455
-6753.528125936411 -6788.433820635666
-6934.549370166388 -6973.875099829773
-7097.098460242442 -7149.074362174655
-7246.138677663369 -7314.156387847114
-7402.395306646891 -7482.847018387259
-7583.652336574738 -7667.169364348101
-7789.855145308583 -7864.880421612993
-8002.738626716984 -8059.74969874511
-8197.130729995977 -8231.882475909448
-8354.658438220473 -8369.56956120378
-8471.154715919974 -8474.474754030522
-8557.164389136246 -8560.772099176364
-8630.139093660468 -8646.369269542223
-8709.397543623529 -8747.387220192708
-8814.33691121355 -8877.255895261518
-8958.560574349607 -9043.759362867824
-9143.937301253296 -9245.523499676043
-9362.416748335156 -9473.721598125863
-9596.4787392103 -9711.720991461258
-9824.482652518664 -9939.956195724759
-10028.696464240415 -10143.443397728473
-10204.468487068669 -10318.544615491022
-10357.312416518704 -10468.745466405528
-10492.07781381838 -10595.405182262422
-10609.465255537229 -10697.479243507056
-10712.451009367865 -10779.742963859415
-10811.11239874538 -10857.894645658847
-10923.00698046682 -10957.509294584697
-11070.42646186146 -11107.783897482012
-11268.231126506333 -11325.585412004779
-11511.07048928209 -11600.586316247904
-11773.395355680512 -11897.291215300575
-12022.36207019892 -12171.3626461151
-12233.216517395183 -12388.634043436015
-12392.912239002924 -12531.051592547268
-12499.401922760844 -12596.636150686381
-12560.574804612497 -12599.74854302267
-12602.140015341318 -12579.525220775877
-12666.89713442774 -12596.523198075407
-12794.732632769521 -12705.74449192301
-13000.674959211636 -12928.547185168049
-13268.388471008062 -13245.556187466058
-13562.518671865046 -13611.439897355334
-13845.698408321923 -13973.33673168176
-14091.737181315217 -14285.567368919032
-14289.132801152713 -14516.435669883633
-14437.388207352831 -14651.434094401966
-14536.632845765436 -14690.061353978701
-14584.66416614357 -14647.463294172232
-14586.817213278411 -14561.595550661401
-14571.884174044788 -14496.78428096338
-14590.641634539712 -14527.501509445725
-14763.781352804772 -14775.737462152129
-15059.038102274319 -15188.318906277513
-15465.38978826756 -15716.458660157174
-15921.618776839468 -16256.19877766243
-16334.246070684429 -16682.03427278446
-16616.142928132125 -16899.495138665898
-16725.518557433756 -16889.53969580957
-16690.51552535804 -16724.960715810434
-16599.048739709244 -16543.93740852402
-16561.870567860595 -16493.520263956718
-16668.587018543545 -16672.39291188634
-16954.075389625803 -17094.564532043463
-17386.228254933674 -17685.959611058068
-17868.753967221804 -18302.27508711753
-18282.353913790233 -18783.089870063104
-18529.745236555467 -19007.57819284699
-18580.479790325786 -18945.496245852442
-18480.38274312625 -18668.04798252346
-18337.10625480501 -18324.82978076962
-18285.11877993063 -18093.79391994823
-18434.536326965634 -18115.899082347463
-18821.86085575164 -18438.551114408525
-19382.82167940382 -18989.029305877237
-19957.183950600782 -19586.73688613943
-20327.865927180792 -19991.90800814123
-20301.529897143806 -19995.96673005653
-19799.15056965564 -19519.643527132223
-18921.85451049244 -18683.118066921492
-17949.414544385123 -17799.49987269374
-17274.785225393927 -17293.965391258076
-17287.064785178783 -17565.720373400323
-18238.638343279235 -18842.58875552049
-20134.49303733579 -21071.68238624666
-22660.566625944262 -23864.907182205643
-25160.418154869796 -26491.984925515364
-26807.405943541835 -28079.986884250928
-26977.099693940607 -28010.483250259877
-25618.410167091686 -26302.71175119646
-23267.725456463693 -23596.771949903257
-20706.138953977177 -20759.172656998777
-18592.975775185518 -18487.37590799149
-17283.970847403092 -17131.241554078166
-16835.82713276779 -16720.400680369898
-17057.327422754995 -17032.14338102685
-17604.607099043427 -17698.289004306913
-18104.77289256897 -18330.837361100956
-18279.34250657259 -18640.497630846483
-18024.903515413636 -18510.605860451597
-17427.064184007875 -18010.042304308652
-16703.431736827315 -17338.261046191616
-16104.238569272771 -16730.342147642354
-15811.276252282856 -16360.96871343156
-15877.786457622658 -16289.84376802826
-16225.372512867236 -16460.2348925847
-16684.30620405085 -16735.136619429926
-17051.553109128505 -16947.527351618395
-17148.75120877924 -16949.318411218963
-16883.564537871433 -16664.593504378772
-16288.84998726375 -16123.19149053133
-15513.440180173324 -15452.140567273826
-14761.288880686703 -14820.577620706981
-14215.066605543545 -14373.215758211149
-13976.676800485475 -14182.619368472526
-14036.172226146302 -14229.246150808482
-14285.567525502298 -14417.34069048647
-14560.250529769377 -14609.493994029415
-14699.369713872897 -14675.445032055766
-14598.821517435863 -14536.350686022874
-14250.332074705195 -14196.961115344144
-13731.872767014363 -13731.316346434625
-13177.766357704797 -13251.428925606933
-12718.497716539767 -12856.263654684775
-12437.540925248042 -12602.333992166055
-12348.604799279012 -12493.357235555652
-12404.835556972788 -12491.966873724912
-12522.364266444249 -12538.877328970586
-12604.73166348667 -12567.386512921687
-12576.737665856359 -12525.422112056194
-12407.522137400965 -12390.358165250214
-12111.874443047753 -12167.380088125856
-11739.378732608287 -11882.007284028463
-11351.771456187857 -11566.310304274197
-11001.466250439236 -11250.712444171604
-10725.399407194165 -10966.739808200558
-10541.884306355969 -10741.587599282117
