span_x -1 1 span_y -85 85 step 1
1.109805134490234e-05 1.1291782012464542e-05
1.1770068544119203e-05 1.1910309248878115e-05
1.2367103620249148e-05 1.2439934983873289e-05
1.2757771979329037e-05 1.2746479291280226e-05
1.2952000850288802e-05 1.2893516673337162e-05
1.3060003637240972e-05 1.3017355656414402e-05
1.317619838809353e-05 1.3225692193992933e-05
1.3371758386632209e-05 1.3553919528338433e-05
1.3699865268652855e-05 1.3971358832153616e-05
1.4118669639730054e-05 1.4381385270858241e-05
1.4555939992596854e-05 1.4754677426788828e-05
1.4987601785885193e-05 1.5125294323997959e-05
1.541960621678793e-05 1.5492571227955057e-05
1.5813675425152446e-05 1.582313933200625e-05
1.6137005034213184e-05 1.6108573793720686e-05
1.6423044202922462e-05 1.6411547650591135e-05
1.671457053441675e-05 1.6792289095099853e-05
1.702447827964888e-05 1.720173808042954e-05
1.7327064999340686e-05 1.7548908302774027e-05
1.7578948784915234e-05 1.7798956882712153e-05
1.7788335473345422e-05 1.7973142261808788e-05
1.798203519332793e-05 1.814033514771985e-05
1.8207836766265124e-05 1.8343763112920782e-05
1.8496596470394e-05 1.85998476771706e-05
1.886137268431656e-05 1.895895746262421e-05
1.929277054441002e-05 1.941516722770895e-05
1.9731084518980845e-05 1.9898583904545918e-05
2.0170692849733496e-05 2.039348931989709e-05
2.0617573704809156e-05 2.0850379509320232e-05
2.1013529055267223e-05 2.1234258672617428e-05
2.1394547324981058e-05 2.160568769762835e-05
2.1822410379747293e-05 2.201225404214135e-05
2.2351823179278648e-05 2.2489239142112475e-05
2.294618857540025e-05 2.3040977552355158e-05
2.3511377003425754e-05 2.3631411809650878e-05
2.394561575434916e-05 2.4141341604428563e-05
2.4247375485066064e-05 2.4517559430121845e-05
2.4575608639708194e-05 2.488907225457834e-05
2.5070976962716688e-05 2.538864861897408e-05
2.5703767830759353e-05 2.5978119140858262e-05
2.6357524970573782e-05 2.6532745236382254e-05
2.6919230592840433e-05 2.698183054589237e-05
2.7293073513927704e-05 2.727316394449074e-05
2.7476777592990153e-05 2.7415253566488753e-05
2.7561402864708772e-05 2.7508027309290637e-05
2.7610763781519718e-05 2.7616339908095216e-05
2.7651429077527605e-05 2.7767441738720225e-05
2.777350059260663e-05 2.799586832632384e-05
2.8099840251436564e-05 2.8396769463001078e-05
2.8610838310894994e-05 2.8961205850452524e-05
2.922644128946632e-05 2.9621887699642136e-05
2.9934340376867186e-05 3.0370917649011265e-05
3.06372394496073e-05 3.107280974942656e-05
3.119554703717036e-05 3.16035812158687e-05
3.1602638037322676e-05 3.200161761081159e-05
3.196352960424746e-05 3.2353551428035165e-05
3.229145840890697e-05 3.264588093777519e-05
3.2528557957664606e-05 3.2826972905527856e-05
3.2678782834883575e-05 3.2896009021043466e-05
3.279364058746876e-05 3.291121872003788e-05
3.2924124503649786e-05 3.296548045129281e-05
3.318048744078837e-05 3.321159932440162e-05
3.3669524885524814e-05 3.379442570252189e-05
3.437968946561488e-05 3.4666249356754e-05
3.5179597129322384e-05 3.564160009455956e-05
3.5928044668374176e-05 3.65183962126477e-05
3.6542730135937316e-05 3.7145727599273946e-05
3.69622502335007e-05 3.7475255884196315e-05
3.715012871566418e-05 3.748037826082198e-05
3.713362604663364e-05 3.722113646801861e-05
3.699822436722711e-05 3.682509782111848e-05
3.692873356115431e-05 3.654299780484614e-05
3.7178082577022906e-05 3.673377062423644e-05
3.782324843037647e-05 3.746260326777678e-05
3.872108045741418e-05 3.855526574168707e-05
3.969636168511526e-05 3.9817677549376436e-05
4.0601932761480095e-05 4.102421914916768e-05
4.131624580921478e-05 4.199680589525167e-05
4.177656771532569e-05 4.261144332125612e-05
4.20132608595369e-05 4.282635462945759e-05
4.2109501113171405e-05 4.269735480956936e-05
4.207480131131414e-05 4.229345653149394e-05
4.186257757051292e-05 4.171738617665895e-05
4.156028706963747e-05 4.120632088147064e-05
4.138153244304502e-05 4.1081802052272804e-05
4.1826528359827606e-05 4.182492981140629e-05
4.279847275894671e-05 4.3232017346908586e-05
4.425181180453428e-05 4.51476258812102e-05
4.592231881216221e-05 4.7159913349969434e-05
4.7428128640865654e-05 4.871052563543012e-05
4.8341169867935314e-05 4.933713752462866e-05
4.850414393192995e-05 4.900358528068125e-05
4.809503059667918e-05 4.805929675370657e-05
4.745876718054724e-05 4.708482870106275e-05
4.706127342039644e-05 4.6678517401373776e-05
4.724931181257102e-05 4.719798718627202e-05
4.8149050641509265e-05 4.8675097229331585e-05
4.9661183662430626e-05 5.082396175156878e-05
5.1420690250490675e-05 5.310333770442155e-05
5.2868853576054025e-05 5.482741860183131e-05
5.364530034487787e-05 5.553740342692863e-05
5.3669995409771886e-05 5.509394512934193e-05
5.310757253808899e-05 5.381643345239442e-05
5.2370999888849935e-05 5.232152274035117e-05
5.201896362357512e-05 5.130514600268238e-05
5.246754806733084e-05 5.128129331129393e-05
5.3839993317748866e-05 5.241188311663996e-05
5.592774724923079e-05 5.446242781972276e-05
5.815521113598974e-05 5.6754572911707345e-05
5.9667126697192095e-05 5.8369436295175155e-05
5.962147648942853e-05 5.8445634185528135e-05
5.766715016497232e-05 5.6566392374207656e-05
5.4157397390133587e-05 5.313519407843876e-05
5.0190273397460885e-05 4.945536265105504e-05
4.7299060445873935e-05 4.7163473533369745e-05
4.6987692798530095e-05 4.783141513860985e-05
5.027624854978632e-05 5.244541641749214e-05
5.720099411925637e-05 6.0795776675986176e-05
6.67748457239227e-05 7.163424884330717e-05
7.706094367475811e-05 8.276874738068656e-05
8.47654926828266e-05 9.081896975298806e-05
8.560709065525286e-05 9.062460919626574e-05
7.927761892668371e-05 8.225359902153267e-05
6.963444061966228e-05 7.092419905786844e-05
5.986560643888074e-05 5.999471315300666e-05
5.2047356767625654e-05 5.157402620920245e-05
4.7411984470002315e-05 4.6791851310489374e-05
4.618004744923073e-05 4.571855771055834e-05
4.745045752937436e-05 4.733422898525316e-05
4.988385740405721e-05 5.020292689997725e-05
5.2139370925001404e-05 5.293035458883585e-05
5.307007267609672e-05 5.43579097381968e-05
5.223585964696826e-05 5.399492445264936e-05
5.004038606275057e-05 5.214292724359755e-05
4.7360203936597665e-05 4.963175113300234e-05
4.5183843846535885e-05 4.743701236849993e-05
4.4265482670043715e-05 4.623403500134528e-05
4.4758809341401834e-05 4.6171924886117754e-05
4.630167241135208e-05 4.701474719629432e-05
4.827388938437797e-05 4.828228744081302e-05
4.9962089992085446e-05 4.9355377587601266e-05
5.062732790802929e-05 4.9641759692462666e-05
4.98147125101358e-05 4.877886587023834e-05
4.765050389719023e-05 4.6845359986553583e-05
4.476291858866769e-05 4.4364847829456825e-05
4.19644480756996e-05 4.20771676313132e-05
3.999655773690535e-05 4.0582732886666325e-05
3.927093487875865e-05 4.0100935037319855e-05
3.9739222820868175e-05 4.0534787683494556e-05
4.1003383439278464e-05 4.1559093630144666e-05
4.2385247671154766e-05 4.2621679751594575e-05
4.32055290110534e-05 4.3145939044887965e-05
4.306697615406151e-05 4.280657390554729e-05
4.190365392478125e-05 4.161290830146142e-05
4.0018029953393344e-05 3.9894887775588145e-05
3.7948050612119405e-05 3.8112774841911516e-05
3.6318426625458885e-05 3.674797473364895e-05
3.5453636464631515e-05 3.6004279218506385e-05
3.537476776630293e-05 3.584611235496354e-05
3.5896530127976886e-05 3.612475041113451e-05
3.6648285354255855e-05 3.6592280258238455e-05
3.725183021661648e-05 3.6984426124938995e-05
3.7416088560241804e-05 3.71120056292618e-05
3.699885195237198e-05 3.684857573211101e-05
3.606050101198147e-05 3.620919223420408e-05
3.480032006553798e-05 3.5323508131752916e-05
3.3477293502706824e-05 3.4325232668900653e-05
3.2293777170178294e-05 3.328560682524753e-05
3.139249947743449e-05 3.231673699490448e-05
3.087974369512334e-05 3.161481793892086e-05
