span_x -1 1 span_y -85 85 step 1
14193.060137011606 14171.764250829008
14098.125930508997 14077.43142593894
14003.19152921953 13983.143748505681
13908.96927145659 13889.439012954752
13815.851881382758 13796.580076848446
13724.64178846477 13705.310038311585
13635.500015679065 13615.81407077506
13547.910744605439 13527.690958427947
13461.562469092416 13440.780955739676
13375.60390987691 13354.33408910485
13289.279612896778 13267.618469999517
13202.083343200331 13180.101974863934
13114.183101383782 13091.91634599673
13025.615431384562 13003.048344476882
12936.612331420007 12913.676655230258
12846.731302218495 12823.34392846952
12755.32403022575 12731.436949700836
12662.991014949179 12638.625939504936
12570.218390590457 12545.452517301037
12476.613032892998 12451.541115383805
12381.754524529326 12356.449374406777
12284.850014124673 12259.364368827493
12185.578689641603 12159.958079321954
12084.316867761196 12058.55574873546
11981.682111830482 11955.698520505934
11877.560165321029 11851.246698843292
11771.200711970756 11744.508141122104
11662.06477622789 11635.02072151486
11549.90142101295 11522.553936459233
11435.502997555024 11407.840383941872
11319.620948523403 11291.526688540764
11203.093549513707 11174.369861426494
11085.96785491908 11056.37356072484
10968.295082119854 10937.570781287544
10850.741086496178 10818.632738354838
10734.271990542999 10700.602800515424
10619.563486729863 10584.353954075654
10505.995486396458 10469.528987213449
10392.207326659214 10354.98919297866
10277.284652845357 10239.898462843317
10161.798014518152 10124.747024168888
10046.599809568434 10010.196132331914
9932.47403145725 9896.799611394956
9819.384330388251 9784.291632777957
9706.519710658158 9671.64646144962
9593.90764302642 9558.728378575846
9482.112746449682 9446.013480977866
9370.08416281448 9332.50163179426
9256.777187259704 9217.335085033399
9141.73532206663 9100.299767404662
9024.551366376512 8981.225579764992
8905.421023847497 8860.523834049704
8785.03859157986 8739.057764246321
8664.017397245048 8617.530399823683
8542.88913992665 8496.514336771012
8423.126214834738 8377.440580898872
8305.05754155553 8260.508579520196
8188.421124755201 8145.26057175275
8072.683773586179 8030.887578860893
7956.233204033603 7915.453446450883
7837.826857203358 7797.426159439878
7717.6680236042 7676.850290633409
7596.297565810023 7554.306291683185
7473.494673195104 7429.857333913036
7349.965535723937 7304.634680050941
7226.837718125238 7180.193849788843
7105.120013764236 7057.956864126777
6986.330630354009 6939.726306288445
6871.449256228072 6826.474391287305
6760.340573682596 6717.7197653696885
6651.909810672276 6611.708355657978
6544.622270062896 6506.041242310649
6436.434210737756 6397.958014097641
6325.356455742682 6285.25617809256
6210.594130953238 6167.425990123989
6092.402330173491 6045.401429438195
5971.975353394726 5921.358353420257
5851.381956421507 5798.367373471139
5732.766668476366 5679.304734627305
5618.075033881198 5566.36148047025
5508.460186872235 5460.237020639597
5403.627897473327 5359.473321926962
5303.375009694287 5262.391853163445
5207.09974954044 5167.135427134395
5113.096167346994 5071.323388675629
4991.928726451363 4945.939953473422
4869.611940817533 4817.655046541593
4745.903031098314 4687.6591242100385
4622.471286772214 4559.214269053668
4500.927989400109 4435.181649658483
4382.439327512254 4317.232455703635
4267.2602742034305 4205.181463311887
4154.6348597444485 4097.071022683582
4042.7025036944915 3989.4032439671632
3930.1475200794157 3879.4636443390154
3815.7167971303093 3765.3436417483654
3699.915227661836 3647.791160438592
3585.1870133857765 3530.242626130874
3475.241911697123 3417.829968656886
3373.2732293468853 3315.18361397209
3280.6457388834815 3224.6134680246173
3196.276589540381 3145.2959300734688
3116.7147853139413 3073.229612979382
3038.481127563617 3003.7514918916395
2958.9839582507325 2932.794768223159
2877.7202243503098 2858.5666759179157
2796.8913865835852 2782.4126918582997
2722.5314277711695 2710.0143666498457
2662.192672079248 2648.956013710171
2621.527647449298 2605.02116115947
2601.485654105392 2579.179212367238
2595.006752496035 2564.286031243993
2586.5090107771052 2544.666049303453
2557.023726150999 2501.498495988622
2493.306107686947 2422.277506660599
2391.090073274101 2304.091069112541
2255.027394594327 2153.4322757473087
2098.5663633052795 1985.8353513822813
1943.5771535362003 1825.0283242623036
1818.9090235125918 1701.1057108594057
1754.5710837628562 1644.3622252559117
1772.8560655231768 1676.1498397776702
1875.6928764252334 1796.1516340845474
2045.0340601196056 1983.3194627441974
2254.1061638026845 2207.9720496023165
2475.8203550842827 2440.789260951317
2687.5485507602243 2657.966702823133
2873.698515422253 2843.615649051747
3027.7858136293735 2991.7534170301083
3151.4434379505474 3105.227550491397
3255.0813121981323 3196.3045478752156
3353.50891877523 3281.9070256481873
3458.1076460075446 3375.378272156442
3573.2978559177955 3482.605618632256
3696.8263842257174 3602.135917901168
3822.2123256004297 3727.78824918601
3941.9913880703934 3851.7866455509893
4051.558615909445 3968.6535921655723
4151.281610761184 4077.418976212574
4246.363636484464 4181.74920327368
4344.172636200619 4287.559793318675
4451.448344792267 4400.536583277765
4571.582919054569 4523.747741996767
4703.866396000035 4656.820870188148
4843.20392732813 4795.58448786224
4982.435484414047 4934.043768089496
5115.0948286191 5066.770449917098
5236.787816186982 5189.945579667376
5346.849943050749 5302.80661788735
5448.0410421847955 5407.436833264248
5546.169766781405 5508.5926037912095
5646.473195893705 5610.460197527693
5753.715760817654 5717.1374002937555
5869.694593433114 5830.412923575066
5992.574797388624 5949.124645478902
6118.3326969119435 6070.414316218521
6241.8736405769405 6190.453415776084
6359.742683455582 6306.713684783195
6470.302411437306 6417.8669115394305
6574.4804092100985 6524.521274840205
6674.1911176140175 6627.770236665283
6772.980028099168 6730.0252435811935
6874.822674722462 6834.169631932427
6982.707240807321 6942.525604522598
7097.94241926933 7056.391218799559
7219.041154513889 7174.850770143994
7343.511064216586 7296.283003810131
7468.5878381737175 7418.785990236627
7591.466938677431 7540.104565056107
7709.8875713893085 7658.162890655036
